065 753
675 574
352 344
635 648
175 612
208 495
943 334
181 058
425 808
595 596
836 799
647 096
960 928
627 931
459 804
218 877
558 893
451 262
590 086
910 765
698 470
612 994
157 793
404 582
953 999
530 790
798 177
886 110
457 865
041 917
021 260
146 931
505 597
193 095
036 104
860 086
926 472
080 083
617 836
017 571
835 548
713 985
077 599
448 535
816 841
804 837
453 950
121 959
899 314
054 935
770 267
022 697
091 454
780 061
291 150
632 478
698 345
816 127
296 264
662 112
105 466
301 559
768 422
870 668
089 276
955 859
543 329
908 987
784 041
048 427
191 032
905 241
377 073
368 025
337 031
137 795
849 790
706 618
565 576
286 654
852 593
865 748
923 774
087 707
815 487
486 006
519 743
247 248
817 967
273 506
350 410
301 200
552 007
170 469
935 808
123 140
401 989
240 324
115 327
031 930
