491 366
200 141
704 449
620 974
248 725
375 357
059 276
249 328
369 237
540 525
680 021
407 401
830 925
067 541
972 073
327 464
439 880
957 143
329 577
469 577
302 845
286 713
121 535
041 843
772 933
720 805
955 128
558 785
053 978
678 377
051 358
841 490
238 799
985 919
728 455
849 383
652 135
096 125
023 138
320 147
071 041
952 026
521 511
163 926
841 194
303 892
552 497
734 790
648 719
061 376
526 910
759 530
398 856
656 421
346 976
568 417
369 873
796 890
736 311
816 577
505 472
469 057
969 555
199 969
274 261
345 153
523 457
683 921
665 691
342 011
020 263
780 389
136 928
632 224
240 800
801 745
624 622
155 593
177 354
914 803
967 260
956 491
069 992
764 734
683 107
097 055
722 229
797 210
158 429
434 750
581 587
495 206
209 650
151 738
357 066
541 676
678 850
167 099
842 284
185 877
